1023 776 123 7865 182 14 921 333 471 47 12 120 13 43 555
1023 776 123 7865 182 120 921 333 471 47 12 14 13 43 555
1023 776 123 7865 182 120 921 333 471 47 12 14 13 43 555
1023 776 123 7865 182 120 921 333 471 47 12 14 13 43 555
1023 776 921 7865 182 120 555 333 471 47 12 14 13 43 123
1023 7865 921 776 182 120 555 333 471 47 12 14 13 43 123
7865 1023 921 776 182 120 555 333 471 47 12 14 13 43 123
123 1023 921 776 182 120 555 333 471 47 12 14 13 43 7865
1023 776 921 471 182 120 555 333 123 47 12 14 13 43 7865
1023 776 921 471 182 120 555 333 123 47 12 14 13 43 7865
43 776 921 471 182 120 555 333 123 47 12 14 13 1023 7865
921 776 555 471 182 120 43 333 123 47 12 14 13 1023 7865
921 776 555 471 182 120 43 333 123 47 12 14 13 1023 7865
13 776 555 471 182 120 43 333 123 47 12 14 921 1023 7865
776 471 555 333 182 120 43 13 123 47 12 14 921 1023 7865
776 471 555 333 182 120 43 13 123 47 12 14 921 1023 7865
14 471 555 333 182 120 43 13 123 47 12 776 921 1023 7865
555 471 120 333 182 14 43 13 123 47 12 776 921 1023 7865
555 471 120 333 182 14 43 13 123 47 12 776 921 1023 7865
12 471 120 333 182 14 43 13 123 47 555 776 921 1023 7865
471 333 120 123 182 14 43 13 12 47 555 776 921 1023 7865
471 333 120 123 182 14 43 13 12 47 555 776 921 1023 7865
47 333 120 123 182 14 43 13 12 471 555 776 921 1023 7865
333 182 120 123 47 14 43 13 12 471 555 776 921 1023 7865
333 182 120 123 47 14 43 13 12 471 555 776 921 1023 7865
12 182 120 123 47 14 43 13 333 471 555 776 921 1023 7865
182 123 120 13 47 14 43 12 333 471 555 776 921 1023 7865
182 123 120 13 47 14 43 12 333 471 555 776 921 1023 7865
12 123 120 13 47 14 43 182 333 471 555 776 921 1023 7865
123 47 120 13 12 14 43 182 333 471 555 776 921 1023 7865
123 47 120 13 12 14 43 182 333 471 555 776 921 1023 7865
43 47 120 13 12 14 123 182 333 471 555 776 921 1023 7865
120 47 43 13 12 14 123 182 333 471 555 776 921 1023 7865
120 47 43 13 12 14 123 182 333 471 555 776 921 1023 7865
14 47 43 13 12 120 123 182 333 471 555 776 921 1023 7865
47 14 43 13 12 120 123 182 333 471 555 776 921 1023 7865
47 14 43 13 12 120 123 182 333 471 555 776 921 1023 7865
12 14 43 13 47 120 123 182 333 471 555 776 921 1023 7865
43 14 12 13 47 120 123 182 333 471 555 776 921 1023 7865
43 14 12 13 47 120 123 182 333 471 555 776 921 1023 7865
13 14 12 43 47 120 123 182 333 471 555 776 921 1023 7865
14 13 12 43 47 120 123 182 333 471 555 776 921 1023 7865
14 13 12 43 47 120 123 182 333 471 555 776 921 1023 7865
12 13 14 43 47 120 123 182 333 471 555 776 921 1023 7865
13 12 14 43 47 120 123 182 333 471 555 776 921 1023 7865
13 12 14 43 47 120 123 182 333 471 555 776 921 1023 7865
12 13 14 43 47 120 123 182 333 471 555 776 921 1023 7865
12 13 14 43 47 120 123 182 333 471 555 776 921 1023 7865
12 13 14 43 47 120 123 182 333 471 555 776 921 1023 7865